20,65
0,372
0,371
0,370
0,369
0,368
0,367
0,366
0,365
0,364
0,363
0,362
0,361
20,64
0,360
0,359
0,358
0,357
0,356
0,355
0,354
0,353
0,352
0,351
0,350
0,349
0,348
0,347
0,346
0,345
0,344
0,343
0,342
0,341
0,340
0,339
0,338
0,337
0,336
0,335
0,334
0,333
0,332
0,331
0,330
0,329
20,45
0,328
0,327
0,326
0,325
20,44
20,19
0,324
20,43
0,323
0,322
0,321
0,320
0,435
20,42
0,434
20,8
0,433
0,432
0,431
0,430
0,429
0,428
0,427
0,426
20,41
0,425
20,40
0,424
20,39
20,38
20,37
0,423
0,422
0,421
0,420
0,419
0,418
0,417
0,416
20,36
0,415
0,414
0,413
0,412
0,411
0,409
0,408
0,407
0,406
0,405
0,404
0,403
0,402
0,401
20,35
0,400
0,399
0,398
20,34
20,13
0,397
20,33
0,396
0,395
0,394
0,393
20,32
20,31
20,30
0,392
0,391
0,390
0,389
0,388
20,29
0,387
0,386
0,385
0,384
0,319
0,318
20,28
0,317
20,27
20,26
20,9
20,25
20,24
20,23
20,22
0,316
0,315
20,21
0,314
0,313
0,312
0,311
0,310
0,309
0,308
0,307
0,301
20,20
0,575
20,11
0,574
0,573
20,18
20,17
0,572
20,16
20,15
0,571
0,570
0,569
22,69
0,568
0,567
22,68
0,566
22,55
22,67
22,66
22,65
22,54
22,42
22,53
22,22
22,64
22,52
0,565
22,51
22,50
22,12
22,49
22,48
17,9
22,27
22,26
22,25
22,24
22,23
22,21
22,20
22,19
22,18
22,17
22,16
22,15
22,14
22,13
22,11
22,10
22,9
22,8
22,7
22,6
22,5
22,4
22,3
22,2
22,1
22,0
20,14
20,12
20,10
20,7
20,6
20,5
20,4
20,3
20,2
20,1
20,0
17,8
17,7
17,6
17,5
17,4
17,3
17,2
17,1
17,0
16,4
16,3
16,2
16,1
16,0
14,3
14,2
14,1
14,0
13,4
13,3
13,2
13,1
13,0
12,3
12,2
12,1
12,0
11,4
11,3
11,2
11,1
11,0
10,3
10,2
10,1
10,0
9,3
9,2
9,1
9,0
8,5
8,4
8,3
8,2
8,1
8,0
7,3
7,2
7,1
7,0
6,4
6,3
6,2
6,1
6,0
5,3
5,2
5,1
5,0
4,3
2,3
1,3
0,496
0,410
0,243
0,9
0,0
0,1
0,300
0,299
0,298
0,297
0,296
0,295
0,294
0,293
0,292
0,291
0,290
0,289
0,288
0,287
0,286
0,285
0,284
0,283
0,282
0,281
0,280
0,279
0,278
0,277
0,276
0,275
0,274
0,273
0,272
0,271
0,270
22,28
22,29
22,31
22,32
22,34
22,35
22,37
22,39
22,40
22,43
22,45
22,47
23,0
23,2
23,3
23,4
23,1
22,46
22,44
22,41
22,38
22,36
22,33
22,30
0,269
0,268
0,267
0,266
0,265
0,264
0,263
0,262
0,261
0,260
0,259
0,258
0,257
0,256
0,255
0,254
0,253
0,252
0,251
0,250
0,249
0,248
0,247
0,246
0,245
0,244
0,242
0,241
0,240
0,239
0,238
0,237
0,236
0,235
0,234
0,233
0,232
0,231
0,230
0,229
0,228
0,227
0,226
0,225
0,224
0,223
0,222
0,221
0,220
0,219
0,218
0,217
0,216
0,215
0,214
0,213
0,212
0,211
0,210
0,209
0,208
0,207
0,206
0,205
0,204
0,203
0,202
0,201
0,200
0,199
0,198
0,197
0,196
0,195
0,194
0,193
0,192
0,63
0,62
0,61
0,60
0,59
0,58
0,57
0,56
0,55
0,54
0,53
0,52
0,51
0,50
0,49
0,48
0,47
0,46
0,45
0,6
0,5
0,304
0,303
0,306
0,305
0,302
0,12
0,10
0,8
0,11
0,4
0,2
0,3
0,7
